,Max Eneg Diff
0,1.94
1,1.73
2,0.95
3,2.25
4,1.42
5,0.94
6,1.1600000000000001
7,1.51
8,0.10000000000000009
9,1.03
10,2.04
11,0.8600000000000001
12,0.30000000000000027
13,0.8799999999999999
14,1.06
15,0.0
16,1.7200000000000002
17,0.32000000000000006
18,0.1499999999999999
19,0.44999999999999973
20,0.6599999999999999
21,1.1800000000000002
22,1.75
23,0.2899999999999998
24,1.89
25,0.54
26,1.0599999999999998
27,1.37
28,0.5
29,1.23
30,1.29
31,0.40000000000000013
32,1.6099999999999999
33,1.6199999999999997
34,1.5699999999999998
35,1.2500000000000002
36,1.25
37,1.2800000000000002
38,0.56
39,0.14000000000000012
40,0.56
41,1.29
42,1.4499999999999997
43,0.08000000000000007
44,1.1800000000000002
45,0.7499999999999998
46,0.5
47,1.48
48,0.33000000000000007
49,0.6800000000000002
50,0.3999999999999999
51,0.6499999999999999
52,1.56
53,1.18
54,0.18000000000000016
55,0.29000000000000004
56,0.8899999999999999
57,0.9399999999999997
58,1.3899999999999997
59,0.3900000000000001
60,0.020000000000000018
61,1.79
62,0.1900000000000004
63,1.2300000000000002
64,1.0699999999999998
65,0.23999999999999977
66,0.22999999999999998
67,0.8200000000000001
68,0.28000000000000025
69,2.09
70,0.5099999999999998
71,0.5099999999999998
72,0.30000000000000027
73,2.55
74,0.7999999999999998
75,0.5
76,1.32
77,0.15000000000000036
78,1.25
79,1.44
80,0.56
81,0.8800000000000001
82,0.56
83,1.0499999999999998
84,0.5099999999999998
85,1.82
86,1.0099999999999998
87,0.08000000000000007
88,0.9900000000000001
89,0.25
90,0.3599999999999999
91,0.9000000000000001
92,1.1199999999999997
93,1.31
94,0.36999999999999966
95,0.6200000000000001
96,0.4900000000000002
97,1.6099999999999999
98,0.6000000000000001
99,1.01
100,0.27
101,1.2500000000000002
102,1.71
103,0.7000000000000002
104,0.3799999999999999
105,0.69
106,0.8700000000000001
107,0.5299999999999998
108,0.56
109,1.59
110,1.1800000000000002
111,1.4
112,1.5699999999999998
113,1.6199999999999997
114,0.3799999999999999
115,1.5699999999999998
116,0.010000000000000231
117,1.0699999999999998
118,0.3700000000000001
119,0.6499999999999999
120,0.9200000000000002
121,0.32000000000000006
122,1.65
123,2.55
124,1.31
125,0.22999999999999998
126,0.6100000000000001
127,1.02
128,0.3999999999999999
129,0.3999999999999999
130,0.55
131,0.29000000000000004
132,0.5300000000000002
133,1.7600000000000002
134,1.1800000000000002
135,0.7399999999999998
136,1.2999999999999998
137,1.31
138,0.4500000000000002
139,1.0699999999999998
140,0.010000000000000231
141,0.3900000000000001
142,1.4
143,2.49
144,1.08
145,0.8700000000000001
146,0.30000000000000027
147,0.6400000000000001
148,0.8400000000000001
149,0.9499999999999997
150,1.37
151,0.9199999999999997
152,0.6699999999999999
153,0.6800000000000002
154,0.22999999999999998
155,1.17
156,0.5300000000000002
157,0.8199999999999998
158,0.6800000000000002
159,0.3599999999999999
160,2.04
161,2.09
162,0.3799999999999999
163,0.41999999999999993
164,0.73
165,0.5
166,1.2999999999999998
167,0.3599999999999999
168,0.8
169,1.1199999999999997
170,1.2800000000000002
171,0.5299999999999998
172,0.6600000000000001
173,1.94
174,1.1899999999999997
175,1.29
176,0.9900000000000001
177,2.09
178,1.73
179,1.65
180,1.0699999999999998
181,1.0599999999999998
182,0.7399999999999998
183,1.6
184,0.9499999999999997
185,0.5300000000000002
186,1.0999999999999999
187,1.73
188,0.7199999999999998
189,2.15
190,0.5
191,0.5
192,1.65
193,0.6699999999999999
194,1.1599999999999997
195,0.010000000000000231
196,2.46
197,0.010000000000000231
198,0.3900000000000001
199,1.0699999999999998
200,0.8
201,2.15
202,0.6499999999999999
203,0.8099999999999998
204,1.5499999999999998
205,1.42
206,1.2500000000000002
207,0.3900000000000001
208,0.3599999999999999
209,1.25
210,0.6599999999999999
211,0.5299999999999998
212,1.54
213,0.15000000000000036
214,1.65
215,1.2300000000000002
216,1.31
217,0.4500000000000002
218,1.2000000000000002
219,0.26
220,1.0299999999999998
221,1.1899999999999997
222,0.7699999999999998
223,1.04
224,1.54
225,0.020000000000000018
226,1.2000000000000002
227,0.6100000000000001
228,0.6800000000000002
229,0.3599999999999999
230,0.7499999999999998
231,0.8700000000000001
232,0.06999999999999984
233,0.54
234,0.5899999999999999
235,1.3299999999999998
236,0.29000000000000004
237,0.4900000000000002
238,0.5
239,0.6399999999999999
240,0.9199999999999997
241,0.08000000000000007
242,1.2000000000000002
243,1.23
244,0.5
245,0.6199999999999999
246,0.54
247,1.0999999999999999
248,0.010000000000000231
249,0.7699999999999998
250,1.3600000000000003
251,0.6199999999999999
252,1.31
253,1.0499999999999998
254,0.9499999999999997
255,0.4399999999999997
256,0.6499999999999999
257,0.7000000000000002
258,2.44
259,0.9000000000000001
260,0.8999999999999999
261,0.75
262,1.04
263,0.26
264,0.9199999999999999
265,1.0599999999999998
266,0.6800000000000002
267,1.07
268,0.30000000000000027
269,1.3299999999999998
270,0.41999999999999993
271,0.6200000000000001
272,1.56
273,2.22
274,1.54
275,2.09
276,1.1199999999999997
277,0.5300000000000002
278,1.0
279,1.0799999999999998
280,1.2499999999999998
281,1.3900000000000001
282,0.15000000000000036
283,0.9699999999999999
284,1.08
285,1.0099999999999998
286,0.9999999999999998
287,2.15
288,1.17
289,0.29000000000000004
290,1.07
291,1.5100000000000002
292,0.4700000000000002
293,2.04
294,0.3900000000000001
295,1.89
296,0.3799999999999999
297,0.5800000000000001
298,0.06999999999999984
299,0.6599999999999999
300,2.2199999999999998
301,0.050000000000000266
302,1.0499999999999998
303,0.34999999999999964
304,0.75
305,0.08000000000000007
306,1.33
307,1.0299999999999998
308,0.8
309,1.18
310,2.09
311,1.29
312,1.23
313,1.2500000000000002
314,2.11
315,1.48
316,1.29
317,0.31000000000000005
318,0.5
319,0.5700000000000003
320,0.30000000000000027
321,0.16999999999999993
322,0.5300000000000002
323,0.3799999999999999
324,1.1099999999999999
325,0.8700000000000001
326,2.25
327,0.020000000000000018
328,1.1800000000000002
329,1.1800000000000002
330,0.54
331,0.15000000000000036
332,0.8800000000000001
333,1.0499999999999998
334,0.31000000000000005
335,1.6
336,0.08999999999999986
337,2.2199999999999998
338,0.5899999999999999
339,0.29000000000000004
340,1.04
341,2.13
342,0.6199999999999999
343,1.2500000000000002
344,1.19
345,0.5099999999999998
346,0.8599999999999999
347,1.24
348,0.30000000000000027
349,1.4
350,0.29000000000000004
351,0.32000000000000006
352,2.04
353,1.29
354,2.15
355,0.42000000000000015
356,1.7200000000000002
357,1.01
358,1.02
359,0.8499999999999999
360,1.2999999999999998
361,1.0
362,1.56
363,2.22
364,0.54
365,0.30000000000000027
366,0.25
367,0.5499999999999998
368,0.9799999999999998
369,1.54
370,1.19
371,0.9199999999999999
372,1.2999999999999998
373,0.010000000000000231
374,0.8599999999999999
375,0.8299999999999998
376,1.73
377,1.04
378,1.1599999999999997
379,0.6299999999999999
380,0.7199999999999998
381,0.29000000000000004
382,1.3800000000000001
383,1.21
384,0.6800000000000002
385,0.9999999999999998
386,0.5700000000000003
387,0.5099999999999998
388,0.5099999999999998
389,1.29
390,1.24
391,2.49
392,0.6200000000000001
393,0.10000000000000009
394,1.42
395,1.0499999999999998
396,0.9499999999999997
397,1.6199999999999997
398,0.5099999999999998
399,0.3999999999999999
400,0.0
401,1.6
402,0.06000000000000005
403,0.3599999999999999
404,0.44999999999999973
405,1.1199999999999997
406,0.54
407,0.3799999999999999
408,0.75
409,1.1800000000000002
410,0.5900000000000001
411,0.9600000000000002
412,0.5999999999999999
413,1.3299999999999998
414,0.7199999999999998
415,1.23
416,1.31
417,0.3900000000000001
418,1.6599999999999997
419,0.5299999999999998
420,1.0399999999999998
421,1.29
422,1.21
423,1.0299999999999998
424,0.36999999999999966
425,1.6099999999999999
426,0.6400000000000001
427,0.7399999999999998
428,0.29000000000000004
429,1.51
430,0.36999999999999966
431,1.2999999999999998
432,0.30000000000000027
433,1.2000000000000002
434,1.0099999999999998
435,0.26
436,1.19
437,0.8299999999999998
438,1.29
439,0.44999999999999973
440,0.30000000000000027
441,2.49
442,0.8500000000000001
443,0.08999999999999986
444,0.32000000000000006
445,1.19
446,3.19
447,1.2599999999999998
448,1.1199999999999997
449,1.31
450,0.5299999999999998
451,1.2499999999999998
452,1.6199999999999997
453,0.6899999999999997
454,0.29000000000000004
455,0.17000000000000037
456,1.2800000000000002
457,1.2300000000000002
458,0.56
459,1.1199999999999997
460,0.8299999999999998
461,0.3599999999999999
462,2.65
463,0.5099999999999998
464,1.0899999999999999
465,1.44
466,0.6100000000000001
467,1.32
468,0.3500000000000001
469,0.29000000000000004
470,0.29000000000000004
471,0.26
472,1.0
473,1.6
474,2.04
475,2.22
476,0.5499999999999998
477,0.6100000000000001
478,0.18999999999999995
479,1.3899999999999997
480,1.05
481,0.3799999999999999
482,0.0900000000000003
483,1.1800000000000002
484,0.15000000000000036
485,0.6499999999999999
486,1.3600000000000003
487,1.42
488,0.7799999999999998
489,1.2999999999999998
490,2.55
491,1.1599999999999997
492,1.0600000000000003
493,1.25
494,0.36999999999999966
495,2.15
496,0.7000000000000002
497,1.23
498,1.2199999999999998
499,1.2300000000000002
